161 69 111
59 61 221
154 207 31
28 18 228
255 214 48

2 80 146
31 122 178
105 174 208
184 228 250
255 211 28

236 21 201
144 201 185
60 17 93
148 152 169
233 251 73

255 165 0
0 165 255
58 78 84
221 221 221
165 0 255

255 177 244
170 214 252
255 243 203
255 211 147

67 147 103
210 240 141
224 234 166
196 211 103
128 138 87

141 41 228
250 173 253
60 151 90
52 168 112
118 189 173

222 240 255
192 236 169
158 219 181
105 149 220
65 191 137

248 219 137
202 206 218
146 159 192
187 202 214
205 218 227

254 252 223
249 211 230
173 223 249
255 248 182
241 203 159

139 132 154
193 101 124
216 128 141
148 82 156

214 126 79
249 242 92
170 234 143
114 219 199
200 164 216

76 62 45
174 168 162
136 127 113
156 147 140
156 144 131

243 208 197
207 141 112
233 178 169
183 187 210
198 182 155

234 231 28
255 148 31
255 206 46
255 232 0
255 184 28

218 193 188
152 131 122
197 190 183
157 146 142
117 109 103

255 242 3
222 220 18
193 193 10
150 142 6
117 106 20

255 197 249
199 230 255
120 255 127
183 255 118
255 250 174

37 191 196
21 185 159
33 248 237
19 233 239
11 254 255

255 249 249
255 232 215
255 212 212
255 199 199
246 177 177

163 151 127
229 255 5
225 247 181
187 191 147
190 201 157

113 173 102
149 221 114
149 250 88
83 148 78
156 196 88

0 217 255
26 120 255
0 59 255
19 0 252
93 0 221
